Book Folding Art Pattern for "טוב"
==============================================================================

Instructions:
These measurements describe where you will have to fold the pages of your book.
All measurements are given in cm/inch, whichever you chose at the beginning.
The first number indicates the page number, the second tells you where
(measured from the top of the book) you have to fold the upper corner down,
the third tells you where you will have to fold the lower corner up.

 Page     Top Fold     Bottom Fold
==========================================

  12        Fold back completely.
  14        Fold back completely.
  16       13.92          14.70
  18       13.53          14.70
  20       13.25          14.70
------------------------------------------
  22       13.05          14.70
  24       12.90          14.70
  26       12.79          14.70
  28        7.38           8.94
  30       12.72          14.70
------------------------------------------
  32        7.54           9.17
  34       12.72          14.70
  36        7.67           9.31
  38       12.72          14.70
  40       12.72          14.70
------------------------------------------
  42        5.65           6.19
  44        7.76           9.52
  46       12.72          14.70
  48        5.47           6.38
  50       12.72          14.70
------------------------------------------
  52        5.44           9.66
  54       12.72          14.70
  56        5.46           9.70
  58       12.72          14.70
  60        5.54           6.31
------------------------------------------
  62        7.76           9.73
  64       12.72          14.70
  66       12.72          14.70
  68        7.76           9.73
  70       12.72          14.70
------------------------------------------
  72        7.76           9.73
  74       12.72          14.70
  76        7.76           9.73
  78       12.72          14.70
  80        7.76           9.73
------------------------------------------
  82       12.72          14.70
  84        7.76           9.73
  86       12.72          14.70
  88        7.76           9.73
  90       12.72          14.70
------------------------------------------
  92        7.76           9.73
  94       12.72          14.70
  96        7.76           9.73
  98       12.72          14.70
 100        7.76           9.73
------------------------------------------
 102       12.72          14.70
 104        7.76           9.73
 106       12.72          14.70
 108        7.76           9.73
 110       12.72          14.70
------------------------------------------
 112        7.76           9.73
 114       12.72          14.70
 116        7.76           9.73
 118       12.72          14.70
 120        7.76           9.73
------------------------------------------
 122       12.72          14.70
 124        7.76           9.73
 126       12.72          14.70
 128        7.76           9.73
 130       12.72          14.70
------------------------------------------
 132        7.76           9.73
 134       12.72          14.70
 136        7.76           9.73
 138       12.72          14.70
 140        7.76           9.73
------------------------------------------
 142       12.72          14.70
 144        7.76           9.73
 146       12.72          14.70
 148        7.76           9.73
 150       12.72          14.70
------------------------------------------
 152        7.76           9.73
 154       12.72          14.70
 156        7.76           9.73
 158       12.72          14.70
 160        7.77           9.73
------------------------------------------
 162       12.72          14.70
 164        7.79           9.73
 166       12.72          14.70
 168        7.82           9.73
 170       12.72          14.70
------------------------------------------
 172        7.87           9.73
 174        7.90          14.70
 176        7.94          14.70
 178        7.98          14.70
 180        8.02          14.70
------------------------------------------
 182        8.08          14.70
 184        8.14          14.70
 186        8.23          14.70
 188        8.34          14.70
 190        8.48          14.70
------------------------------------------
 192        7.36          14.70
 194        7.44          14.70
 196        7.53           9.20
 198       12.71          14.70
 200        7.66           9.35
------------------------------------------
 202       12.68          14.70
 204        7.72           9.46
 206       12.64          14.67
 208        7.76           9.54
 210       12.58          14.52
------------------------------------------
 212        7.76           9.61
 214       12.52          14.17
 216        7.76           9.66
 218       12.45          13.57
 220        7.76           9.70
------------------------------------------
 222       12.37          12.56
 224        7.76           9.72
 226        7.76           9.73
 228        7.76           9.73
 230        7.76           9.73
------------------------------------------
 232        7.76           9.74
 234        7.76           9.75
 236        7.76           9.77
 238        7.77           9.81
 240        7.77           9.85
------------------------------------------
 242        7.78           9.90
 244        7.80           9.97
 246        7.81          10.08
 248        7.83          14.69
 250        7.86          14.68
------------------------------------------
 252        7.89          14.64
 254        7.93          14.61
 256        7.35          14.56
 258        7.43          14.51
 260        6.16           6.68
------------------------------------------
 262        7.60          14.14
 264        6.01           6.83
 266        7.71          13.40
 268        5.94           7.16
 270        7.75          12.42
------------------------------------------
 272        5.94          11.45
 274        7.04           9.58
 276        5.98           6.83
 278        7.72           9.64
 280        6.10           6.70
------------------------------------------
 282        7.76           9.67
 284       11.33          11.70
 286       14.48          14.70
 288        7.76           9.71
 290       13.47          14.70
------------------------------------------
 292       10.37          14.70
 294        5.23           6.01
 296        7.76           9.73
 298        5.15          14.70
 300        5.14          14.70
------------------------------------------
 302        5.14          14.70
 304        5.14          14.70
 306        7.76          14.70
 308        5.21           6.04
 310       12.72          14.70
------------------------------------------
 312        5.35           5.90
 314        7.78           9.73
 316        7.79           9.73
 318       12.72          14.70
 320        7.82           9.73
------------------------------------------
 322       12.72          14.70
 324        6.13           6.88
 326        7.33           9.73
 328        6.04           9.73
 330       12.72          14.70
------------------------------------------
 332        7.99           9.75
 334       12.72          14.70
 336        6.05           6.94
 338        8.14           9.86
 340       12.72          14.70
------------------------------------------
 342        6.22           6.75
 344        8.41          10.07
 346       12.72          14.70
 348       12.72          14.70
 350       12.72          14.70
------------------------------------------
 352       12.72          14.70
 354       12.72          14.70
 356       12.72          14.70
 358       12.72          14.70
 360       11.44          11.58
------------------------------------------
 362       12.72          14.70
 364       11.01          11.34
 366       12.72          14.70
 368       10.62          11.11
 370       12.72          14.70
------------------------------------------
 372       10.20          10.89
 374       12.72          14.70
 376        9.79          10.69
 378       12.72          14.70
 380        9.28          10.51
------------------------------------------
 382       12.72          14.70
 384        8.55          10.36
 386       12.72          14.70
 388        7.53          10.23
 390       12.72          14.70
------------------------------------------
 392        7.52          10.12
 394       12.72          14.70
 396        7.51          10.03
 398       12.72          14.70
 400        7.51           9.97
------------------------------------------
 402       12.72          14.70
 404        7.51           9.92
 406       12.72          14.70
 408        7.51           9.90
 410       12.71          14.70
------------------------------------------
 412        7.52           9.90
 414       12.69          14.67
 416        7.53           9.91
 418       12.66          14.63
 420        7.54           9.93
------------------------------------------
 422       12.61          14.56
 424        7.56           9.96
 426       12.53          14.48
 428        7.59          10.00
 430       12.44          14.39
------------------------------------------
 432        7.65          10.06
 434       12.32          14.27
 436        7.72          10.14
 438       12.18          14.15
 440        7.79          10.26
------------------------------------------
 442       11.98          14.01
 444        7.87          10.45
 446       11.69          13.86
 448        7.97          10.91
 450        8.03          13.68
------------------------------------------
 452        8.10          13.59
 454        8.18          13.49
 456        8.28          13.38
 458        8.39          13.27
 460        8.49          13.15
------------------------------------------
 462        8.62          13.01
 464        8.77          12.85
 466        8.94          12.68
 468        9.13          12.49
 470        9.37          12.26
------------------------------------------
 472        9.71          11.97
 474       10.19          11.53



This Book Art pattern was created using the free BookArtGenerator service at:
https://vektorrascheln.de/bookart

As the author of the open source service, I would be very happy to see your cool creations!
Please send me a mail with a photo (licensed under CC-By-SA 4.0, allowing to show the
photo on the website, to modify it if necessary, always quoting you as the originator,
allowing commercial use) to moini@goos-habermann.de.

------------  HAVE FUN FOLDING :-)  ------------ !

