Book Folding Art Pattern for "dog_paw"
==============================================================================

Instructions:
These measurements describe where you will have to fold the pages of your book.
All measurements are given in cm/inch, whichever you chose at the beginning.
The first number indicates the page number, the second tells you where
(measured from the top of the book) you have to fold the upper corner down,
the third tells you where you will have to fold the lower corner up.

 Page     Top Fold     Bottom Fold
==========================================

   8        Fold back completely.
  10         9.8           10.7
------------------------------------------
  12         9.4           11.1
  14         9.1           11.3
  16         8.9           11.5
  18         8.7           11.6
  20         8.6           11.7
------------------------------------------
  22         8.5           11.8
  24         8.4           11.9
  26         8.3           12.0
  28         8.2           12.1
  30         8.1           12.2
------------------------------------------
  32         8.1           12.2
  34         8.0           12.3
  36         8.0           12.3
  38         8.0           12.4
  40         8.0           12.4
------------------------------------------
  42         8.0           12.5
  44         8.0           12.5
  46         8.0           12.6
  48         8.0           12.6
  50         8.0           12.6
------------------------------------------
  52         8.1           12.6
  54         8.1           12.6
  56         8.2           12.7
  58         8.2           12.7
  60         8.3           12.7
------------------------------------------
  62        14.7           15.8
  64         8.4           12.6
  66        14.2           16.2
  68         8.6           12.6
  70        13.9           16.5
------------------------------------------
  72         8.8           12.5
  74        13.7           16.7
  76         9.1           12.4
  78        13.5           16.9
  80         6.9            8.1
------------------------------------------
  82         9.5           12.3
  84        13.3           17.0
  86         6.2            8.7
  88        10.0           11.9
  90        13.1           17.2
------------------------------------------
  92         5.7            9.1
  94        12.9           17.3
  96         5.5            9.3
  98        12.8           17.3
 100         5.3            9.4
------------------------------------------
 102        12.6           17.4
 104         5.1            9.6
 106        12.4           17.4
 108         4.9            9.7
 110        12.2           17.4
------------------------------------------
 112         4.8            9.8
 114        12.0           17.4
 116         4.7            9.8
 118        11.8           17.4
 120         4.6            9.9
------------------------------------------
 122        11.5           17.4
 124         4.5            9.9
 126        11.3           17.4
 128         4.5            9.9
 130        11.0           17.3
------------------------------------------
 132         4.5            9.9
 134        10.8           17.3
 136         4.5            9.8
 138        10.6           17.3
 140         4.5            9.8
------------------------------------------
 142        10.5           17.2
 144         4.6            9.7
 146        10.4           17.2
 148         4.8            9.6
 150        10.3           17.1
------------------------------------------
 152         5.0            9.4
 154        10.2           17.1
 156         5.3            9.3
 158        10.1           17.1
 160         5.8            9.0
------------------------------------------
 162        10.1           17.1
 164         6.4            8.7
 166        10.0           17.0
 168         7.2            8.1
 170        10.0           17.0
------------------------------------------
 172        10.0           17.0
 174        10.0           17.0
 176        10.0           17.0
 178        10.0           17.0
 180        10.0           17.0
------------------------------------------
 182        10.0           17.0
 184        10.0           17.0
 186        10.0           17.0
 188         6.8            8.5
 190        10.1           17.1
------------------------------------------
 192         6.1            8.9
 194        10.2           17.1
 196         5.5            9.2
 198        10.2           17.1
 200         5.2            9.4
------------------------------------------
 202        10.3           17.2
 204         4.9            9.5
 206        10.5           17.2
 208         4.7            9.6
 210        10.7           17.2
------------------------------------------
 212         4.6            9.7
 214        10.9           17.2
 216         4.5            9.8
 218        11.1           17.3
 220         4.5            9.8
------------------------------------------
 222        11.3           17.3
 224         4.5            9.9
 226        11.5           17.3
 228         4.5            9.9
 230        11.7           17.3
------------------------------------------
 232         4.6            9.9
 234        11.9           17.3
 236         4.6            9.8
 238        12.1           17.3
 240         4.7            9.8
------------------------------------------
 242        12.3           17.2
 244         4.8            9.7
 246        12.4           17.2
 248         5.0            9.6
 250        12.6           17.2
------------------------------------------
 252         5.2            9.5
 254        12.8           17.1
 256         5.3            9.4
 258        12.9           17.1
 260         5.6            9.2
------------------------------------------
 262        10.6           11.4
 264        13.2           17.0
 266         6.0            8.9
 268         9.8           12.0
 270        13.4           16.9
------------------------------------------
 272         6.6            8.3
 274         9.3           12.3
 276         9.2           12.4
 278        13.8           16.6
 280         9.0           12.5
------------------------------------------
 282        14.1           16.3
 284         8.7           12.6
 286        14.4           15.9
 288         8.6           12.6
 290         8.4           12.6
------------------------------------------
 292         8.4           12.7
 294         8.3           12.7
 296         8.2           12.7
 298         8.2           12.7
 300         8.1           12.7
------------------------------------------
 302         8.1           12.6
 304         8.0           12.6
 306         8.0           12.6
 308         8.0           12.6
 310         8.0           12.5
------------------------------------------
 312         8.0           12.5
 314         8.0           12.4
 316         8.0           12.4
 318         8.0           12.3
 320         8.0           12.3
------------------------------------------
 322         8.1           12.2
 324         8.1           12.2
 326         8.2           12.1
 328         8.3           12.0
 330         8.4           11.9
------------------------------------------
 332         8.5           11.8
 334         8.6           11.7
 336         8.7           11.6
 338         8.9           11.5
 340         9.1           11.3
------------------------------------------
 342         9.3           11.1
 344         9.7           10.8
 346        Fold back completely.



This Book Art pattern was created using the free BookArtGenerator service at:
https://vektorrascheln.de/bookart

As the author of the open source service, I would be very happy to see your cool creations!
Please send me a mail with a photo (licensed under CC-By-SA 4.0, allowing to show the
photo on the website, to modify it if necessary, always quoting you as the originator,
allowing commercial use) to moini@goos-habermann.de.

------------  HAVE FUN FOLDING :-)  ------------ !

