Book Folding Art Pattern for "הודו"
==============================================================================

Instructions:
These measurements describe where you will have to fold the pages of your book.
All measurements are given in cm/inch, whichever you chose at the beginning.
The first number indicates the page number, the second tells you where
(measured from the top of the book) you have to fold the upper corner down,
the third tells you where you will have to fold the lower corner up.

 Page     Top Fold     Bottom Fold
==========================================

   8        Fold back completely.
  10        6.92           7.89
------------------------------------------
  12        6.89           8.26
  14        6.97           8.38
  16        7.04           8.46
  18        7.09           8.52
  20        7.12           8.57
------------------------------------------
  22        7.15           8.62
  24        7.16           8.66
  26        7.16           8.69
  28        7.16           8.73
  30        7.16           8.75
------------------------------------------
  32        7.16           8.77
  34        7.16           8.79
  36        7.16           8.80
  38        7.16           8.81
  40        7.16           8.82
------------------------------------------
  42        7.16           8.82
  44        7.16           8.83
  46        7.17           8.84
  48        7.17           8.87
  50        7.17           8.90
------------------------------------------
  52        7.18           8.95
  54        7.19           9.02
  56        7.21           9.14
  58        7.23          12.98
  60        7.26          12.95
------------------------------------------
  62        7.30          12.92
  64        7.35          12.87
  66        7.40          12.82
  68        7.04          12.70
  70        6.81          12.35
------------------------------------------
  72        6.89          11.98
  74        6.97          11.55
  76        7.03          10.98
  78        7.07           8.64
  80        7.10           8.68
------------------------------------------
  82        7.11           8.70
  84        7.12           8.72
  86        7.12           8.74
  88        5.36           5.90
  90        7.12           8.76
------------------------------------------
  92        5.25           6.02
  94        5.23           8.77
  96        5.23           8.77
  98        5.24           8.78
 100        5.26           6.01
------------------------------------------
 102        7.12           8.78
 104        5.38           5.90
 106        7.12           8.78
 108        7.12           8.78
 110        7.12           8.78
------------------------------------------
 112        7.12           8.78
 114        7.12           8.78
 116        7.12           8.78
 118        7.12           8.78
 120        7.12           8.78
------------------------------------------
 122        7.12           8.78
 124        7.12           8.78
 126        7.12           8.78
 128        7.12           8.78
 130        7.12           8.78
------------------------------------------
 132        7.12           8.78
 134        7.12           8.78
 136        7.12           8.78
 138        7.12           8.78
 140        7.12           8.78
------------------------------------------
 142        7.12           8.78
 144        7.12           8.78
 146        7.12           8.78
 148        7.12           8.78
 150        7.12           8.78
------------------------------------------
 152        7.12           8.78
 154        7.12           8.78
 156        7.12           8.78
 158        7.12           8.78
 160        7.12           8.78
------------------------------------------
 162        7.12           8.78
 164        7.12           8.78
 166        7.12           8.78
 168        7.12           8.78
 170        7.12           8.78
------------------------------------------
 172        7.12           8.78
 174        7.12           8.78
 176        7.12           8.78
 178        7.12           8.78
 180        7.12           8.78
------------------------------------------
 182        7.12           8.78
 184        7.12           8.78
 186        7.12           8.78
 188        7.12          12.75
 190        7.12          12.86
------------------------------------------
 192        7.12          12.92
 194        7.12          12.95
 196        7.12          12.91
 198        7.12          12.84
 200        7.12          12.77
------------------------------------------
 202        7.12          12.70
 204        7.12          12.62
 206        9.17          12.54
 208        7.12           8.78
 210        9.90          12.35
------------------------------------------
 212        7.12           8.78
 214       10.60          12.07
 216        7.12           8.78
 218        7.12           8.78
 220        7.12           8.74
------------------------------------------
 222        7.12           8.66
 224        7.16           8.50
 226        6.78           8.19
 228        6.87           8.26
 230        6.95           8.36
------------------------------------------
 232        7.01           8.43
 234        7.06           8.49
 236        7.09           8.55
 238        7.11           8.59
 240        7.12           8.63
------------------------------------------
 242        7.12           8.66
 244        7.12           8.69
 246        7.12           8.72
 248        7.12           8.74
 250        7.12           8.75
------------------------------------------
 252        7.12           8.76
 254        7.12           8.77
 256        7.12           8.78
 258        7.12           8.78
 260        7.12           8.78
------------------------------------------
 262        7.12           8.80
 264        7.12           8.83
 266        7.13           8.87
 268        7.14           8.92
 270        7.15           9.00
------------------------------------------
 272        7.17           9.16
 274        7.19          12.94
 276        7.22          12.91
 278        7.27          12.87
 280        7.32          12.83
------------------------------------------
 282        7.38          12.77
 284        7.44          12.58
 286        7.53          12.22
 288        6.83          11.82
 290        6.87          11.55
------------------------------------------
 292        6.95          11.68
 294       12.80          13.00
 296        7.07           8.42
 298       10.21          12.96
 300        7.13           8.54
------------------------------------------
 302        5.49           5.86
 304        7.14           8.63
 306        9.83          12.58
 308        5.29           6.07
 310        9.67          12.37
------------------------------------------
 312        5.27           8.75
 314       10.35          12.14
 316        7.15           8.78
 318       11.10          11.84
 320        5.44           5.92
------------------------------------------
 322        7.15           8.79
 324        7.15           8.79
 326        7.15           8.79
 328        7.15           8.79
 330        7.15           8.79
------------------------------------------
 332        7.15           8.79
 334        7.15           8.79
 336        7.15           8.79
 338        7.15           8.79
 340        7.15           8.79
------------------------------------------
 342        7.15           8.79
 344        7.15           8.79
 346        7.15           8.79
 348        7.15           8.79
 350        7.15           8.79
------------------------------------------
 352        7.15           8.79
 354        7.15           8.79
 356        7.15           8.79
 358        7.15           8.79
 360        7.15           8.79
------------------------------------------
 362        7.15           8.79
 364        7.15           8.79
 366        7.15           8.79
 368        7.15           8.79
 370        7.15           8.79
------------------------------------------
 372        7.15           8.79
 374        7.15           8.79
 376        7.15           8.79
 378        7.15           8.79
 380        7.15           8.79
------------------------------------------
 382        7.15           8.79
 384        7.15           8.79
 386        7.15           8.79
 388        7.15           8.79
 390        7.15           8.79
------------------------------------------
 392        7.15           8.79
 394        7.15           8.79
 396        7.15           8.79
 398        7.15           8.79
 400        7.15           8.79
------------------------------------------
 402        7.15           8.79
 404        7.15           8.79
 406        7.15           8.79
 408        7.15           8.79
 410        7.15           8.79
------------------------------------------
 412        7.15           8.79
 414        7.15           8.79
 416        7.15           8.79
 418        7.15           8.79
 420        7.15           8.79
------------------------------------------
 422        7.15          12.77
 424        7.15          12.86
 426        7.15          12.93
 428        7.15          12.95
 430        7.15          12.89
------------------------------------------
 432        7.15          12.82
 434        7.15          12.75
 436        7.15          12.67
 438        8.98          12.60
 440        7.15           8.79
------------------------------------------
 442        9.70          12.42
 444        7.15           8.79
 446       10.41          12.17
 448        7.15           8.75
 450       11.13          11.68
------------------------------------------
 452        7.16           8.55
 454        7.23           8.34
 456        7.50           7.93
 458        Fold back completely.



This Book Art pattern was created using the free BookArtGenerator service at:
https://vektorrascheln.de/bookart

As the author of the open source service, I would be very happy to see your cool creations!
Please send me a mail with a photo (licensed under CC-By-SA 4.0, allowing to show the
photo on the website, to modify it if necessary, always quoting you as the originator,
allowing commercial use) to moini@goos-habermann.de.

------------  HAVE FUN FOLDING :-)  ------------ !

